970169155921788968
970169154718035978
970169157058453524
970169155854676058
970169156114731039
970169154814488596
970169156790026310
970169156261527603
970169156148293692
970169156290895912
970169156500586536
970169156831940628
970169156538363904
970169154797715496
970169157050073148
970169155531730946
970169156425105478
970169154864832512
970169156622229514
970169155879845888
970169155976323122
970169156781613077
970169155900801064
970169156446068756
970169155829514270
970169155573645313
970169156232183818
970169156571906048
970169156349591604
970169156689358869
970169155833724968
970169156219596810
970169155225526323
970169155527512075
970169155825320006
970169154772557834
970169154952900608
970169154860613692
970169156760666193
970169154810282034
970169157029093376
970169154864840735
970169154797731860
970169155246514247
970169155984695316
970169156647415828
970169156257341490
970169156852940840
970160336726523944
970169156659990598
970169156911656980
