970157715433332796
970169212129640448
970169212020596806
970169212012200057
970169211924140072
970169211924131892
970169211903160370
970169211873812480
970169211865403452
970169211827654706
970169211815084113
970169211722813490
970169211693436958
970169211680878592
970169211592781904
970169211584389184
970169211366293524
970169211110449162
970169211026538576
970169210967830558
970169210955264010
970169210946859038
970169210909122600
970169210871369799
970169210862977085
970169210422562828
970168506769354834
970158093403037749
970157928927596545
